{
 "cells": [
  {
   "cell_type": "code",
   "execution_count": 7,
   "id": "af82d935",
   "metadata": {},
   "outputs": [],
   "source": [
    "\n",
    "import csv\n",
    "import pandas as pd\n",
    "import emoji\n",
    "import math\n",
    "import advertools as adv\n",
    "import numpy as np\n",
    "from numpy import array\n",
    "from numpy.linalg import norm\n",
    "import os\n",
    "import glob\n",
    "import seaborn as sns\n",
    "import matplotlib.pyplot as plt\n",
    "from sklearn.metrics.pairwise import cosine_similarity"
   ]
  },
  {
   "cell_type": "code",
   "execution_count": 2,
   "id": "636b6855",
   "metadata": {},
   "outputs": [],
   "source": [
    "df=pd.read_csv('top31.csv')"
   ]
  },
  {
   "cell_type": "code",
   "execution_count": 3,
   "id": "e296e599",
   "metadata": {},
   "outputs": [
    {
     "data": {
      "text/html": [
       "<div>\n",
       "<style scoped>\n",
       "    .dataframe tbody tr th:only-of-type {\n",
       "        vertical-align: middle;\n",
       "    }\n",
       "\n",
       "    .dataframe tbody tr th {\n",
       "        vertical-align: top;\n",
       "    }\n",
       "\n",
       "    .dataframe thead th {\n",
       "        text-align: right;\n",
       "    }\n",
       "</style>\n",
       "<table border=\"1\" class=\"dataframe\">\n",
       "  <thead>\n",
       "    <tr style=\"text-align: right;\">\n",
       "      <th></th>\n",
       "      <th>Unnamed: 0</th>\n",
       "      <th>0</th>\n",
       "      <th>1</th>\n",
       "      <th>2</th>\n",
       "      <th>3</th>\n",
       "      <th>4</th>\n",
       "      <th>5</th>\n",
       "      <th>6</th>\n",
       "      <th>7</th>\n",
       "      <th>8</th>\n",
       "      <th>...</th>\n",
       "      <th>110</th>\n",
       "      <th>111</th>\n",
       "      <th>112</th>\n",
       "      <th>113</th>\n",
       "      <th>114</th>\n",
       "      <th>115</th>\n",
       "      <th>116</th>\n",
       "      <th>117</th>\n",
       "      <th>118</th>\n",
       "      <th>119</th>\n",
       "    </tr>\n",
       "  </thead>\n",
       "  <tbody>\n",
       "    <tr>\n",
       "      <th>0</th>\n",
       "      <td>France</td>\n",
       "      <td>0.065608</td>\n",
       "      <td>0.048864</td>\n",
       "      <td>0.111636</td>\n",
       "      <td>0.030531</td>\n",
       "      <td>0.097068</td>\n",
       "      <td>0.148114</td>\n",
       "      <td>0.570595</td>\n",
       "      <td>0.059741</td>\n",
       "      <td>0.047456</td>\n",
       "      <td>...</td>\n",
       "      <td>0.002568</td>\n",
       "      <td>0.004011</td>\n",
       "      <td>0.012367</td>\n",
       "      <td>0.025772</td>\n",
       "      <td>0.002881</td>\n",
       "      <td>0.005669</td>\n",
       "      <td>0.003582</td>\n",
       "      <td>0.004307</td>\n",
       "      <td>0.001004</td>\n",
       "      <td>0.070265</td>\n",
       "    </tr>\n",
       "    <tr>\n",
       "      <th>1</th>\n",
       "      <td>Germany</td>\n",
       "      <td>0.063282</td>\n",
       "      <td>0.072312</td>\n",
       "      <td>0.171659</td>\n",
       "      <td>0.060696</td>\n",
       "      <td>0.118366</td>\n",
       "      <td>0.183265</td>\n",
       "      <td>0.572640</td>\n",
       "      <td>0.062853</td>\n",
       "      <td>0.054200</td>\n",
       "      <td>...</td>\n",
       "      <td>0.002043</td>\n",
       "      <td>0.002496</td>\n",
       "      <td>0.006643</td>\n",
       "      <td>0.017168</td>\n",
       "      <td>0.001256</td>\n",
       "      <td>0.003085</td>\n",
       "      <td>0.004499</td>\n",
       "      <td>0.003942</td>\n",
       "      <td>0.000402</td>\n",
       "      <td>0.170945</td>\n",
       "    </tr>\n",
       "    <tr>\n",
       "      <th>2</th>\n",
       "      <td>Iceland</td>\n",
       "      <td>0.052212</td>\n",
       "      <td>0.074689</td>\n",
       "      <td>0.111235</td>\n",
       "      <td>0.072275</td>\n",
       "      <td>0.162819</td>\n",
       "      <td>0.126243</td>\n",
       "      <td>0.623191</td>\n",
       "      <td>0.067389</td>\n",
       "      <td>0.104641</td>\n",
       "      <td>...</td>\n",
       "      <td>0.008143</td>\n",
       "      <td>0.011646</td>\n",
       "      <td>0.004396</td>\n",
       "      <td>0.036022</td>\n",
       "      <td>0.008143</td>\n",
       "      <td>0.004396</td>\n",
       "      <td>0.008143</td>\n",
       "      <td>0.000000</td>\n",
       "      <td>0.000000</td>\n",
       "      <td>0.126243</td>\n",
       "    </tr>\n",
       "    <tr>\n",
       "      <th>3</th>\n",
       "      <td>Iran</td>\n",
       "      <td>0.041811</td>\n",
       "      <td>0.108628</td>\n",
       "      <td>0.246263</td>\n",
       "      <td>0.046111</td>\n",
       "      <td>0.158072</td>\n",
       "      <td>0.091080</td>\n",
       "      <td>0.690462</td>\n",
       "      <td>0.046111</td>\n",
       "      <td>0.028261</td>\n",
       "      <td>...</td>\n",
       "      <td>0.001375</td>\n",
       "      <td>0.004763</td>\n",
       "      <td>0.007813</td>\n",
       "      <td>0.024274</td>\n",
       "      <td>0.001982</td>\n",
       "      <td>0.004763</td>\n",
       "      <td>0.004230</td>\n",
       "      <td>0.001375</td>\n",
       "      <td>0.000000</td>\n",
       "      <td>0.083189</td>\n",
       "    </tr>\n",
       "    <tr>\n",
       "      <th>4</th>\n",
       "      <td>Japan</td>\n",
       "      <td>0.254503</td>\n",
       "      <td>0.139997</td>\n",
       "      <td>0.190330</td>\n",
       "      <td>0.300748</td>\n",
       "      <td>0.285680</td>\n",
       "      <td>0.170337</td>\n",
       "      <td>0.262163</td>\n",
       "      <td>0.052257</td>\n",
       "      <td>0.026516</td>\n",
       "      <td>...</td>\n",
       "      <td>0.026296</td>\n",
       "      <td>0.024161</td>\n",
       "      <td>0.013552</td>\n",
       "      <td>0.025535</td>\n",
       "      <td>0.005023</td>\n",
       "      <td>0.009286</td>\n",
       "      <td>0.010784</td>\n",
       "      <td>0.011012</td>\n",
       "      <td>0.001809</td>\n",
       "      <td>0.067854</td>\n",
       "    </tr>\n",
       "  </tbody>\n",
       "</table>\n",
       "<p>5 rows × 121 columns</p>\n",
       "</div>"
      ],
      "text/plain": [
       "  Unnamed: 0         0         1         2         3         4         5  \\\n",
       "0     France  0.065608  0.048864  0.111636  0.030531  0.097068  0.148114   \n",
       "1    Germany  0.063282  0.072312  0.171659  0.060696  0.118366  0.183265   \n",
       "2    Iceland  0.052212  0.074689  0.111235  0.072275  0.162819  0.126243   \n",
       "3       Iran  0.041811  0.108628  0.246263  0.046111  0.158072  0.091080   \n",
       "4      Japan  0.254503  0.139997  0.190330  0.300748  0.285680  0.170337   \n",
       "\n",
       "          6         7         8  ...       110       111       112       113  \\\n",
       "0  0.570595  0.059741  0.047456  ...  0.002568  0.004011  0.012367  0.025772   \n",
       "1  0.572640  0.062853  0.054200  ...  0.002043  0.002496  0.006643  0.017168   \n",
       "2  0.623191  0.067389  0.104641  ...  0.008143  0.011646  0.004396  0.036022   \n",
       "3  0.690462  0.046111  0.028261  ...  0.001375  0.004763  0.007813  0.024274   \n",
       "4  0.262163  0.052257  0.026516  ...  0.026296  0.024161  0.013552  0.025535   \n",
       "\n",
       "        114       115       116       117       118       119  \n",
       "0  0.002881  0.005669  0.003582  0.004307  0.001004  0.070265  \n",
       "1  0.001256  0.003085  0.004499  0.003942  0.000402  0.170945  \n",
       "2  0.008143  0.004396  0.008143  0.000000  0.000000  0.126243  \n",
       "3  0.001982  0.004763  0.004230  0.001375  0.000000  0.083189  \n",
       "4  0.005023  0.009286  0.010784  0.011012  0.001809  0.067854  \n",
       "\n",
       "[5 rows x 121 columns]"
      ]
     },
     "execution_count": 3,
     "metadata": {},
     "output_type": "execute_result"
    }
   ],
   "source": [
    "df.head()"
   ]
  },
  {
   "cell_type": "code",
   "execution_count": 4,
   "id": "d8ea9d17",
   "metadata": {},
   "outputs": [],
   "source": [
    "countries=['France','Germany','Iceland','Iran','Japan','Mexico','Morocco','Nigeria','Panama','Poland','Peru','Portugal','Russia',\n",
    "           'Serbia','Senegal','South_korea','Spain','Sweden','Switzerland','Tunisia','Uruguay','Argentina','Australia','Belgium',\n",
    "          'Brazil','Colombia','Costa_rica','Croatia','Denmark','Egypt','England']"
   ]
  },
  {
   "cell_type": "code",
   "execution_count": 5,
   "id": "2e224834",
   "metadata": {},
   "outputs": [],
   "source": [
    "df['Unnamed: 0']=countries"
   ]
  },
  {
   "cell_type": "code",
   "execution_count": 8,
   "id": "5dcb1ece",
   "metadata": {},
   "outputs": [
    {
     "data": {
      "text/html": [
       "<div>\n",
       "<style scoped>\n",
       "    .dataframe tbody tr th:only-of-type {\n",
       "        vertical-align: middle;\n",
       "    }\n",
       "\n",
       "    .dataframe tbody tr th {\n",
       "        vertical-align: top;\n",
       "    }\n",
       "\n",
       "    .dataframe thead th {\n",
       "        text-align: right;\n",
       "    }\n",
       "</style>\n",
       "<table border=\"1\" class=\"dataframe\">\n",
       "  <thead>\n",
       "    <tr style=\"text-align: right;\">\n",
       "      <th></th>\n",
       "      <th>Unnamed: 0</th>\n",
       "      <th>0</th>\n",
       "      <th>1</th>\n",
       "      <th>2</th>\n",
       "      <th>3</th>\n",
       "      <th>4</th>\n",
       "      <th>5</th>\n",
       "      <th>6</th>\n",
       "      <th>7</th>\n",
       "      <th>8</th>\n",
       "      <th>...</th>\n",
       "      <th>110</th>\n",
       "      <th>111</th>\n",
       "      <th>112</th>\n",
       "      <th>113</th>\n",
       "      <th>114</th>\n",
       "      <th>115</th>\n",
       "      <th>116</th>\n",
       "      <th>117</th>\n",
       "      <th>118</th>\n",
       "      <th>119</th>\n",
       "    </tr>\n",
       "  </thead>\n",
       "  <tbody>\n",
       "    <tr>\n",
       "      <th>0</th>\n",
       "      <td>France</td>\n",
       "      <td>0.065608</td>\n",
       "      <td>0.048864</td>\n",
       "      <td>0.111636</td>\n",
       "      <td>0.030531</td>\n",
       "      <td>0.097068</td>\n",
       "      <td>0.148114</td>\n",
       "      <td>0.570595</td>\n",
       "      <td>0.059741</td>\n",
       "      <td>0.047456</td>\n",
       "      <td>...</td>\n",
       "      <td>0.002568</td>\n",
       "      <td>0.004011</td>\n",
       "      <td>0.012367</td>\n",
       "      <td>0.025772</td>\n",
       "      <td>0.002881</td>\n",
       "      <td>0.005669</td>\n",
       "      <td>0.003582</td>\n",
       "      <td>0.004307</td>\n",
       "      <td>0.001004</td>\n",
       "      <td>0.070265</td>\n",
       "    </tr>\n",
       "    <tr>\n",
       "      <th>1</th>\n",
       "      <td>Germany</td>\n",
       "      <td>0.063282</td>\n",
       "      <td>0.072312</td>\n",
       "      <td>0.171659</td>\n",
       "      <td>0.060696</td>\n",
       "      <td>0.118366</td>\n",
       "      <td>0.183265</td>\n",
       "      <td>0.572640</td>\n",
       "      <td>0.062853</td>\n",
       "      <td>0.054200</td>\n",
       "      <td>...</td>\n",
       "      <td>0.002043</td>\n",
       "      <td>0.002496</td>\n",
       "      <td>0.006643</td>\n",
       "      <td>0.017168</td>\n",
       "      <td>0.001256</td>\n",
       "      <td>0.003085</td>\n",
       "      <td>0.004499</td>\n",
       "      <td>0.003942</td>\n",
       "      <td>0.000402</td>\n",
       "      <td>0.170945</td>\n",
       "    </tr>\n",
       "    <tr>\n",
       "      <th>2</th>\n",
       "      <td>Iceland</td>\n",
       "      <td>0.052212</td>\n",
       "      <td>0.074689</td>\n",
       "      <td>0.111235</td>\n",
       "      <td>0.072275</td>\n",
       "      <td>0.162819</td>\n",
       "      <td>0.126243</td>\n",
       "      <td>0.623191</td>\n",
       "      <td>0.067389</td>\n",
       "      <td>0.104641</td>\n",
       "      <td>...</td>\n",
       "      <td>0.008143</td>\n",
       "      <td>0.011646</td>\n",
       "      <td>0.004396</td>\n",
       "      <td>0.036022</td>\n",
       "      <td>0.008143</td>\n",
       "      <td>0.004396</td>\n",
       "      <td>0.008143</td>\n",
       "      <td>0.000000</td>\n",
       "      <td>0.000000</td>\n",
       "      <td>0.126243</td>\n",
       "    </tr>\n",
       "    <tr>\n",
       "      <th>3</th>\n",
       "      <td>Iran</td>\n",
       "      <td>0.041811</td>\n",
       "      <td>0.108628</td>\n",
       "      <td>0.246263</td>\n",
       "      <td>0.046111</td>\n",
       "      <td>0.158072</td>\n",
       "      <td>0.091080</td>\n",
       "      <td>0.690462</td>\n",
       "      <td>0.046111</td>\n",
       "      <td>0.028261</td>\n",
       "      <td>...</td>\n",
       "      <td>0.001375</td>\n",
       "      <td>0.004763</td>\n",
       "      <td>0.007813</td>\n",
       "      <td>0.024274</td>\n",
       "      <td>0.001982</td>\n",
       "      <td>0.004763</td>\n",
       "      <td>0.004230</td>\n",
       "      <td>0.001375</td>\n",
       "      <td>0.000000</td>\n",
       "      <td>0.083189</td>\n",
       "    </tr>\n",
       "    <tr>\n",
       "      <th>4</th>\n",
       "      <td>Japan</td>\n",
       "      <td>0.254503</td>\n",
       "      <td>0.139997</td>\n",
       "      <td>0.190330</td>\n",
       "      <td>0.300748</td>\n",
       "      <td>0.285680</td>\n",
       "      <td>0.170337</td>\n",
       "      <td>0.262163</td>\n",
       "      <td>0.052257</td>\n",
       "      <td>0.026516</td>\n",
       "      <td>...</td>\n",
       "      <td>0.026296</td>\n",
       "      <td>0.024161</td>\n",
       "      <td>0.013552</td>\n",
       "      <td>0.025535</td>\n",
       "      <td>0.005023</td>\n",
       "      <td>0.009286</td>\n",
       "      <td>0.010784</td>\n",
       "      <td>0.011012</td>\n",
       "      <td>0.001809</td>\n",
       "      <td>0.067854</td>\n",
       "    </tr>\n",
       "  </tbody>\n",
       "</table>\n",
       "<p>5 rows × 121 columns</p>\n",
       "</div>"
      ],
      "text/plain": [
       "  Unnamed: 0         0         1         2         3         4         5  \\\n",
       "0     France  0.065608  0.048864  0.111636  0.030531  0.097068  0.148114   \n",
       "1    Germany  0.063282  0.072312  0.171659  0.060696  0.118366  0.183265   \n",
       "2    Iceland  0.052212  0.074689  0.111235  0.072275  0.162819  0.126243   \n",
       "3       Iran  0.041811  0.108628  0.246263  0.046111  0.158072  0.091080   \n",
       "4      Japan  0.254503  0.139997  0.190330  0.300748  0.285680  0.170337   \n",
       "\n",
       "          6         7         8  ...       110       111       112       113  \\\n",
       "0  0.570595  0.059741  0.047456  ...  0.002568  0.004011  0.012367  0.025772   \n",
       "1  0.572640  0.062853  0.054200  ...  0.002043  0.002496  0.006643  0.017168   \n",
       "2  0.623191  0.067389  0.104641  ...  0.008143  0.011646  0.004396  0.036022   \n",
       "3  0.690462  0.046111  0.028261  ...  0.001375  0.004763  0.007813  0.024274   \n",
       "4  0.262163  0.052257  0.026516  ...  0.026296  0.024161  0.013552  0.025535   \n",
       "\n",
       "        114       115       116       117       118       119  \n",
       "0  0.002881  0.005669  0.003582  0.004307  0.001004  0.070265  \n",
       "1  0.001256  0.003085  0.004499  0.003942  0.000402  0.170945  \n",
       "2  0.008143  0.004396  0.008143  0.000000  0.000000  0.126243  \n",
       "3  0.001982  0.004763  0.004230  0.001375  0.000000  0.083189  \n",
       "4  0.005023  0.009286  0.010784  0.011012  0.001809  0.067854  \n",
       "\n",
       "[5 rows x 121 columns]"
      ]
     },
     "execution_count": 8,
     "metadata": {},
     "output_type": "execute_result"
    }
   ],
   "source": [
    "df.head()"
   ]
  },
  {
   "cell_type": "code",
   "execution_count": null,
   "id": "51344fb9",
   "metadata": {},
   "outputs": [],
   "source": []
  },
  {
   "cell_type": "code",
   "execution_count": 6,
   "id": "c9555f38",
   "metadata": {},
   "outputs": [
    {
     "data": {
      "text/plain": [
       "31"
      ]
     },
     "execution_count": 6,
     "metadata": {},
     "output_type": "execute_result"
    }
   ],
   "source": [
    "len(countries)"
   ]
  },
  {
   "cell_type": "code",
   "execution_count": 9,
   "id": "285743f0",
   "metadata": {},
   "outputs": [],
   "source": [
    "country_dic={}\n",
    "for i,idx in df.iterrows():\n",
    "    #print(idx[1:32].values)\n",
    "    country_dic[idx[0]]=idx[1:122].values"
   ]
  },
  {
   "cell_type": "code",
   "execution_count": 12,
   "id": "4bc9a614",
   "metadata": {},
   "outputs": [],
   "source": [
    "cosine_matrix=[]\n",
    "for i in countries:\n",
    "    x=[]\n",
    "    for j in countries:\n",
    "        dot_product = np.dot(country_dic[i],country_dic[j] )\n",
    "        norm_a = np.linalg.norm(country_dic[i])\n",
    "        norm_b = np.linalg.norm(country_dic[j])\n",
    "        cosine_similarity = dot_product / (norm_a * norm_b)\n",
    "        x.append(cosine_similarity)\n",
    "    cosine_matrix.append(x)\n",
    "        "
   ]
  },
  {
   "cell_type": "code",
   "execution_count": 13,
   "id": "4fbd4175",
   "metadata": {},
   "outputs": [
    {
     "data": {
      "text/plain": [
       "[[1.0000000000000002,\n",
       "  0.913267425745378,\n",
       "  0.9409927143809391,\n",
       "  0.8826323006719123,\n",
       "  0.7444761594091273,\n",
       "  0.9204174983795249,\n",
       "  0.94011369994919,\n",
       "  0.8813953595931019,\n",
       "  0.9205986149508468,\n",
       "  0.8789046323444712,\n",
       "  0.9374336381420988,\n",
       "  0.8972472436416433,\n",
       "  0.9357205142683134,\n",
       "  0.888857813158335,\n",
       "  0.8838094140222419,\n",
       "  0.9576346075168558,\n",
       "  0.931651652266312,\n",
       "  0.9173394535268172,\n",
       "  0.963686538326338,\n",
       "  0.934772324682593,\n",
       "  0.8964719070208393,\n",
       "  0.9113138178184785,\n",
       "  0.9348231885592901,\n",
       "  0.9807477302993775,\n",
       "  0.8637277477973351,\n",
       "  0.8968350914024749,\n",
       "  0.9284201274318651,\n",
       "  0.9162235021657785,\n",
       "  0.9281587413724723,\n",
       "  0.8105750447344745,\n",
       "  0.9292633751980034],\n",
       " [0.913267425745378,\n",
       "  1.0,\n",
       "  0.9564171621727615,\n",
       "  0.8993285330469508,\n",
       "  0.7731058460386381,\n",
       "  0.9370698604191496,\n",
       "  0.8849212437784025,\n",
       "  0.8418238865988102,\n",
       "  0.8902414363034911,\n",
       "  0.971602041457517,\n",
       "  0.9173262247368529,\n",
       "  0.9000114600765575,\n",
       "  0.9617000761230257,\n",
       "  0.9595246773081009,\n",
       "  0.7337400013817723,\n",
       "  0.8804093836967238,\n",
       "  0.964979994369034,\n",
       "  0.9804151747371247,\n",
       "  0.9623659694757157,\n",
       "  0.8859563520787279,\n",
       "  0.9243378561887242,\n",
       "  0.9181760796705453,\n",
       "  0.9592598188679337,\n",
       "  0.9385391490831401,\n",
       "  0.8506268362775572,\n",
       "  0.8878724008470459,\n",
       "  0.8612316244818549,\n",
       "  0.9682881330640065,\n",
       "  0.9772247192211528,\n",
       "  0.8076822511670084,\n",
       "  0.9483157181061483],\n",
       " [0.9409927143809391,\n",
       "  0.9564171621727615,\n",
       "  1.0000000000000002,\n",
       "  0.9240024755413339,\n",
       "  0.7618771201897653,\n",
       "  0.9473339773154827,\n",
       "  0.9403541337521405,\n",
       "  0.8861616828255715,\n",
       "  0.9388249130155344,\n",
       "  0.9128776673114024,\n",
       "  0.9469855042810497,\n",
       "  0.9351879389915664,\n",
       "  0.9686940514653788,\n",
       "  0.9214552228475096,\n",
       "  0.8290613417174271,\n",
       "  0.9226120147575056,\n",
       "  0.9500071737431047,\n",
       "  0.963854282856558,\n",
       "  0.9732007535166558,\n",
       "  0.9333633317597567,\n",
       "  0.9449630309324667,\n",
       "  0.9328113983084408,\n",
       "  0.9725119702948574,\n",
       "  0.9616719789184203,\n",
       "  0.895188755154579,\n",
       "  0.9206443450647412,\n",
       "  0.9372432230312858,\n",
       "  0.9540904246901347,\n",
       "  0.9669911687899583,\n",
       "  0.8597059191473928,\n",
       "  0.9618652246665791],\n",
       " [0.8826323006719123,\n",
       "  0.8993285330469508,\n",
       "  0.9240024755413339,\n",
       "  1.0000000000000002,\n",
       "  0.6946015767004836,\n",
       "  0.9063916883899354,\n",
       "  0.9296581102272933,\n",
       "  0.9082321246345899,\n",
       "  0.9142411020614901,\n",
       "  0.8602395730058604,\n",
       "  0.9071607190801,\n",
       "  0.9336007815366882,\n",
       "  0.9490784330484362,\n",
       "  0.9106403681971346,\n",
       "  0.8321993863034153,\n",
       "  0.8891267095474497,\n",
       "  0.9193195708654379,\n",
       "  0.9180091383564724,\n",
       "  0.9261319064997878,\n",
       "  0.9536894968541334,\n",
       "  0.9276597441448877,\n",
       "  0.9255345179985212,\n",
       "  0.938787440241857,\n",
       "  0.9089728634345634,\n",
       "  0.8980212398213574,\n",
       "  0.905211603780691,\n",
       "  0.9214033674172063,\n",
       "  0.9301666158833263,\n",
       "  0.909489651400521,\n",
       "  0.9059373909933437,\n",
       "  0.9296673655957455],\n",
       " [0.7444761594091273,\n",
       "  0.7731058460386381,\n",
       "  0.7618771201897653,\n",
       "  0.6946015767004836,\n",
       "  1.0,\n",
       "  0.7599008033602345,\n",
       "  0.6652508055190133,\n",
       "  0.6430995229498706,\n",
       "  0.7100071241287469,\n",
       "  0.7061010910370539,\n",
       "  0.7971025847736912,\n",
       "  0.6467262468472775,\n",
       "  0.7649856077579104,\n",
       "  0.6843912718400273,\n",
       "  0.5613070550393,\n",
       "  0.8220087075888228,\n",
       "  0.7205115858808753,\n",
       "  0.7924263822963514,\n",
       "  0.7560268287383175,\n",
       "  0.6839872263293023,\n",
       "  0.7067612136533512,\n",
       "  0.7199274263874774,\n",
       "  0.7475754446857787,\n",
       "  0.7468892758474118,\n",
       "  0.6625948349368386,\n",
       "  0.7253076033923547,\n",
       "  0.6957015845830301,\n",
       "  0.7382133499714241,\n",
       "  0.8037464418709354,\n",
       "  0.541275012371788,\n",
       "  0.7244278269244797],\n",
       " [0.9204174983795249,\n",
       "  0.9370698604191496,\n",
       "  0.9473339773154827,\n",
       "  0.9063916883899354,\n",
       "  0.7599008033602345,\n",
       "  1.0000000000000002,\n",
       "  0.8992874255633574,\n",
       "  0.8460147667608248,\n",
       "  0.9598629409897251,\n",
       "  0.8914419197515441,\n",
       "  0.9853725247717956,\n",
       "  0.9048027491291291,\n",
       "  0.9503084375417055,\n",
       "  0.8974305280115564,\n",
       "  0.7662357149700607,\n",
       "  0.9196710706109728,\n",
       "  0.9676743441689132,\n",
       "  0.9391233548127248,\n",
       "  0.9383210223907605,\n",
       "  0.9099144985866465,\n",
       "  0.9680069141391859,\n",
       "  0.9741247278977433,\n",
       "  0.9430816478168053,\n",
       "  0.9397935466251878,\n",
       "  0.9391071861830725,\n",
       "  0.9807405856682188,\n",
       "  0.9336520459043431,\n",
       "  0.9257814305885079,\n",
       "  0.9424789487579371,\n",
       "  0.7977406604279392,\n",
       "  0.9272094255241634],\n",
       " [0.94011369994919,\n",
       "  0.8849212437784025,\n",
       "  0.9403541337521405,\n",
       "  0.9296581102272933,\n",
       "  0.6652508055190133,\n",
       "  0.8992874255633574,\n",
       "  1.0,\n",
       "  0.9607575523880694,\n",
       "  0.9505235814120115,\n",
       "  0.8627323398224576,\n",
       "  0.9100113838096673,\n",
       "  0.9623659965173232,\n",
       "  0.9529018054689756,\n",
       "  0.9054121959489764,\n",
       "  0.9427412914666913,\n",
       "  0.9231513214618112,\n",
       "  0.917990987467933,\n",
       "  0.8986519445822543,\n",
       "  0.9575903069534417,\n",
       "  0.9759405624272645,\n",
       "  0.9208714987015691,\n",
       "  0.9027100342330658,\n",
       "  0.950272168319931,\n",
       "  0.9593925097109443,\n",
       "  0.8912777005163223,\n",
       "  0.895057323915546,\n",
       "  0.9623242567799163,\n",
       "  0.9315166370419583,\n",
       "  0.9027995156068367,\n",
       "  0.937769545473381,\n",
       "  0.9629528968733552],\n",
       " [0.8813953595931019,\n",
       "  0.8418238865988102,\n",
       "  0.8861616828255715,\n",
       "  0.9082321246345899,\n",
       "  0.6430995229498706,\n",
       "  0.8460147667608248,\n",
       "  0.9607575523880694,\n",
       "  1.0000000000000002,\n",
       "  0.9233077085328169,\n",
       "  0.8184788773685097,\n",
       "  0.8612759693694414,\n",
       "  0.9455638182780005,\n",
       "  0.9248254074195649,\n",
       "  0.8898017808407213,\n",
       "  0.9360773754589629,\n",
       "  0.8861416779351756,\n",
       "  0.8730222666788049,\n",
       "  0.8476455168148082,\n",
       "  0.9129084868451146,\n",
       "  0.9485856401113217,\n",
       "  0.891282624066729,\n",
       "  0.85761424378042,\n",
       "  0.9314344157823915,\n",
       "  0.9147459642913967,\n",
       "  0.8413781108545699,\n",
       "  0.8427520782405836,\n",
       "  0.9344529483382739,\n",
       "  0.8894392189094219,\n",
       "  0.848357959456121,\n",
       "  0.9403480678479522,\n",
       "  0.9565560587424922],\n",
       " [0.9205986149508468,\n",
       "  0.8902414363034911,\n",
       "  0.9388249130155344,\n",
       "  0.9142411020614901,\n",
       "  0.7100071241287469,\n",
       "  0.9598629409897251,\n",
       "  0.9505235814120115,\n",
       "  0.9233077085328169,\n",
       "  1.0000000000000002,\n",
       "  0.8632935898220131,\n",
       "  0.964809047407354,\n",
       "  0.9305146297080953,\n",
       "  0.9530433332495991,\n",
       "  0.8799200736927064,\n",
       "  0.861704791610833,\n",
       "  0.9321727665133304,\n",
       "  0.9422547403025476,\n",
       "  0.9025531935204741,\n",
       "  0.9413484340359707,\n",
       "  0.9459697977085421,\n",
       "  0.9570158401310631,\n",
       "  0.9485971178154605,\n",
       "  0.9548579633349147,\n",
       "  0.9488732916979344,\n",
       "  0.9382126738429089,\n",
       "  0.9675673995322892,\n",
       "  0.9679698567880856,\n",
       "  0.9136535335215892,\n",
       "  0.9093036740540729,\n",
       "  0.8648683324138762,\n",
       "  0.9528825983262723],\n",
       " [0.8789046323444712,\n",
       "  0.971602041457517,\n",
       "  0.9128776673114024,\n",
       "  0.8602395730058604,\n",
       "  0.7061010910370539,\n",
       "  0.8914419197515441,\n",
       "  0.8627323398224576,\n",
       "  0.8184788773685097,\n",
       "  0.8632935898220131,\n",
       "  1.0,\n",
       "  0.8601889575540675,\n",
       "  0.8618429006278949,\n",
       "  0.9341943009341653,\n",
       "  0.9556690069692327,\n",
       "  0.6940907660422965,\n",
       "  0.8216497885114102,\n",
       "  0.9360910948014199,\n",
       "  0.9542708767303041,\n",
       "  0.9464219468895949,\n",
       "  0.8529189265034691,\n",
       "  0.8732989742956172,\n",
       "  0.8618841137233755,\n",
       "  0.9265243078635818,\n",
       "  0.916756882267987,\n",
       "  0.7933120014922338,\n",
       "  0.8374164873599925,\n",
       "  0.8084532070274507,\n",
       "  0.9554330196676445,\n",
       "  0.950024016114275,\n",
       "  0.788114621253537,\n",
       "  0.9241461774632519],\n",
       " [0.9374336381420988,\n",
       "  0.9173262247368529,\n",
       "  0.9469855042810497,\n",
       "  0.9071607190801,\n",
       "  0.7971025847736912,\n",
       "  0.9853725247717956,\n",
       "  0.9100113838096673,\n",
       "  0.8612759693694414,\n",
       "  0.964809047407354,\n",
       "  0.8601889575540675,\n",
       "  1.0,\n",
       "  0.8977098189466907,\n",
       "  0.9453079318282891,\n",
       "  0.868201525287271,\n",
       "  0.8047470173577231,\n",
       "  0.9508014429467325,\n",
       "  0.9450685526001927,\n",
       "  0.9294683835578926,\n",
       "  0.9355447585068114,\n",
       "  0.9231115044848336,\n",
       "  0.9578496290278676,\n",
       "  0.9710609145665859,\n",
       "  0.9418644334518592,\n",
       "  0.947805789871172,\n",
       "  0.9394967060555156,\n",
       "  0.9793662719867521,\n",
       "  0.9516635201415737,\n",
       "  0.9104752333657368,\n",
       "  0.9360007316726769,\n",
       "  0.7950416069981008,\n",
       "  0.9230478744696696],\n",
       " [0.8972472436416433,\n",
       "  0.9000114600765575,\n",
       "  0.9351879389915664,\n",
       "  0.9336007815366882,\n",
       "  0.6467262468472775,\n",
       "  0.9048027491291291,\n",
       "  0.9623659965173232,\n",
       "  0.9455638182780005,\n",
       "  0.9305146297080953,\n",
       "  0.8618429006278949,\n",
       "  0.8977098189466907,\n",
       "  1.0000000000000002,\n",
       "  0.9524801430960508,\n",
       "  0.9317274849532446,\n",
       "  0.8950470781178352,\n",
       "  0.8870468148316839,\n",
       "  0.93815887851405,\n",
       "  0.897658596771271,\n",
       "  0.9406685000345507,\n",
       "  0.9623754604134747,\n",
       "  0.9544248057507513,\n",
       "  0.9209573592954642,\n",
       "  0.9486863953146131,\n",
       "  0.9302754269601291,\n",
       "  0.9072127630160517,\n",
       "  0.8889497851176824,\n",
       "  0.9520126907008134,\n",
       "  0.9242157720312909,\n",
       "  0.8999702419458342,\n",
       "  0.960172283942942,\n",
       "  0.9611754271825327],\n",
       " [0.9357205142683134,\n",
       "  0.9617000761230257,\n",
       "  0.9686940514653788,\n",
       "  0.9490784330484362,\n",
       "  0.7649856077579104,\n",
       "  0.9503084375417055,\n",
       "  0.9529018054689756,\n",
       "  0.9248254074195649,\n",
       "  0.9530433332495991,\n",
       "  0.9341943009341653,\n",
       "  0.9453079318282891,\n",
       "  0.9524801430960508,\n",
       "  1.0000000000000002,\n",
       "  0.9504908239560148,\n",
       "  0.8404873137760996,\n",
       "  0.9318366904654327,\n",
       "  0.9705606347730555,\n",
       "  0.9623445250441213,\n",
       "  0.9785458005873044,\n",
       "  0.954235574444124,\n",
       "  0.9539830921843917,\n",
       "  0.9417177548296933,\n",
       "  0.97902924201509,\n",
       "  0.9663090328015279,\n",
       "  0.8997596139987526,\n",
       "  0.9268262414370836,\n",
       "  0.9384856077257477,\n",
       "  0.9699954265173367,\n",
       "  0.9628140466288712,\n",
       "  0.8968012116179921,\n",
       "  0.9755990019548954],\n",
       " [0.888857813158335,\n",
       "  0.9595246773081009,\n",
       "  0.9214552228475096,\n",
       "  0.9106403681971346,\n",
       "  0.6843912718400273,\n",
       "  0.8974305280115564,\n",
       "  0.9054121959489764,\n",
       "  0.8898017808407213,\n",
       "  0.8799200736927064,\n",
       "  0.9556690069692327,\n",
       "  0.868201525287271,\n",
       "  0.9317274849532446,\n",
       "  0.9504908239560148,\n",
       "  1.0000000000000002,\n",
       "  0.783774843217831,\n",
       "  0.8499330044833799,\n",
       "  0.9525192391286242,\n",
       "  0.9458105837181108,\n",
       "  0.9514865975464855,\n",
       "  0.9089026106789103,\n",
       "  0.9138963121820313,\n",
       "  0.8975130039054765,\n",
       "  0.9498838361785396,\n",
       "  0.9233759475618307,\n",
       "  0.832248377238729,\n",
       "  0.848584959453034,\n",
       "  0.8601757390558109,\n",
       "  0.9645727624140167,\n",
       "  0.9441694313271761,\n",
       "  0.8819195483914837,\n",
       "  0.9573660184821466],\n",
       " [0.8838094140222419,\n",
       "  0.7337400013817723,\n",
       "  0.8290613417174271,\n",
       "  0.8321993863034153,\n",
       "  0.5613070550393,\n",
       "  0.7662357149700607,\n",
       "  0.9427412914666913,\n",
       "  0.9360773754589629,\n",
       "  0.861704791610833,\n",
       "  0.6940907660422965,\n",
       "  0.8047470173577231,\n",
       "  0.8950470781178352,\n",
       "  0.8404873137760996,\n",
       "  0.783774843217831,\n",
       "  1.0,\n",
       "  0.877283638852953,\n",
       "  0.7932553879001983,\n",
       "  0.7513445706048233,\n",
       "  0.8526105695612833,\n",
       "  0.9244398045203588,\n",
       "  0.8071404109151973,\n",
       "  0.7894585330755138,\n",
       "  0.848326270196019,\n",
       "  0.8746737126915903,\n",
       "  0.7922755930171385,\n",
       "  0.7752070124648719,\n",
       "  0.9133333248982081,\n",
       "  0.7984661848749266,\n",
       "  0.7618666835794876,\n",
       "  0.9037370581867855,\n",
       "  0.8757307314551551],\n",
       " [0.9576346075168558,\n",
       "  0.8804093836967238,\n",
       "  0.9226120147575056,\n",
       "  0.8891267095474497,\n",
       "  0.8220087075888228,\n",
       "  0.9196710706109728,\n",
       "  0.9231513214618112,\n",
       "  0.8861416779351756,\n",
       "  0.9321727665133304,\n",
       "  0.8216497885114102,\n",
       "  0.9508014429467325,\n",
       "  0.8870468148316839,\n",
       "  0.9318366904654327,\n",
       "  0.8499330044833799,\n",
       "  0.877283638852953,\n",
       "  1.0000000000000002,\n",
       "  0.9151203578489943,\n",
       "  0.8924258207752187,\n",
       "  0.9247230161507439,\n",
       "  0.9346809652335839,\n",
       "  0.8954856894775557,\n",
       "  0.9230152703864508,\n",
       "  0.9253422248909936,\n",
       "  0.9413458456994354,\n",
       "  0.8810465029080207,\n",
       "  0.9151617021962084,\n",
       "  0.9369637640433829,\n",
       "  0.89295159026509,\n",
       "  0.9078410406452552,\n",
       "  0.8060390722155761,\n",
       "  0.9178313904582476],\n",
       " [0.931651652266312,\n",
       "  0.964979994369034,\n",
       "  0.9500071737431047,\n",
       "  0.9193195708654379,\n",
       "  0.7205115858808753,\n",
       "  0.9676743441689132,\n",
       "  0.917990987467933,\n",
       "  0.8730222666788049,\n",
       "  0.9422547403025476,\n",
       "  0.9360910948014199,\n",
       "  0.9450685526001927,\n",
       "  0.93815887851405,\n",
       "  0.9705606347730555,\n",
       "  0.9525192391286242,\n",
       "  0.7932553879001983,\n",
       "  0.9151203578489943,\n",
       "  1.0000000000000002,\n",
       "  0.9522212470632854,\n",
       "  0.9611390833014525,\n",
       "  0.931613111740566,\n",
       "  0.9617844327937711,\n",
       "  0.9643715009748969,\n",
       "  0.9641680600367066,\n",
       "  0.948508645272317,\n",
       "  0.9142806857577898,\n",
       "  0.9388401413427828,\n",
       "  0.9138924534721201,\n",
       "  0.954764580380413,\n",
       "  0.9562466651702608,\n",
       "  0.8514824194112101,\n",
       "  0.9550083287332439],\n",
       " [0.9173394535268172,\n",
       "  0.9804151747371247,\n",
       "  0.963854282856558,\n",
       "  0.9180091383564724,\n",
       "  0.7924263822963514,\n",
       "  0.9391233548127248,\n",
       "  0.8986519445822543,\n",
       "  0.8476455168148082,\n",
       "  0.9025531935204741,\n",
       "  0.9542708767303041,\n",
       "  0.9294683835578926,\n",
       "  0.897658596771271,\n",
       "  0.9623445250441213,\n",
       "  0.9458105837181108,\n",
       "  0.7513445706048233,\n",
       "  0.8924258207752187,\n",
       "  0.9522212470632854,\n",
       "  1.0,\n",
       "  0.9663043847652519,\n",
       "  0.9022915399578024,\n",
       "  0.9202063083144802,\n",
       "  0.9187728563721371,\n",
       "  0.9610134438179041,\n",
       "  0.9433971935398046,\n",
       "  0.8627344379358859,\n",
       "  0.8969224568695893,\n",
       "  0.8807432248720717,\n",
       "  0.9743313128650376,\n",
       "  0.9866611942953968,\n",
       "  0.8169870912247874,\n",
       "  0.9496234884552914],\n",
       " [0.963686538326338,\n",
       "  0.9623659694757157,\n",
       "  0.9732007535166558,\n",
       "  0.9261319064997878,\n",
       "  0.7560268287383175,\n",
       "  0.9383210223907605,\n",
       "  0.9575903069534417,\n",
       "  0.9129084868451146,\n",
       "  0.9413484340359707,\n",
       "  0.9464219468895949,\n",
       "  0.9355447585068114,\n",
       "  0.9406685000345507,\n",
       "  0.9785458005873044,\n",
       "  0.9514865975464855,\n",
       "  0.8526105695612833,\n",
       "  0.9247230161507439,\n",
       "  0.9611390833014525,\n",
       "  0.9663043847652519,\n",
       "  1.0,\n",
       "  0.9459861566062988,\n",
       "  0.9316658715842788,\n",
       "  0.9191538605821433,\n",
       "  0.977974765735576,\n",
       "  0.986905445590477,\n",
       "  0.8804898385553274,\n",
       "  0.9058714385523718,\n",
       "  0.9303307638228204,\n",
       "  0.972999422793598,\n",
       "  0.9720311540931856,\n",
       "  0.8763478798911056,\n",
       "  0.9743200283366469],\n",
       " [0.934772324682593,\n",
       "  0.8859563520787279,\n",
       "  0.9333633317597567,\n",
       "  0.9536894968541334,\n",
       "  0.6839872263293023,\n",
       "  0.9099144985866465,\n",
       "  0.9759405624272645,\n",
       "  0.9485856401113217,\n",
       "  0.9459697977085421,\n",
       "  0.8529189265034691,\n",
       "  0.9231115044848336,\n",
       "  0.9623754604134747,\n",
       "  0.954235574444124,\n",
       "  0.9089026106789103,\n",
       "  0.9244398045203588,\n",
       "  0.9346809652335839,\n",
       "  0.931613111740566,\n",
       "  0.9022915399578024,\n",
       "  0.9459861566062988,\n",
       "  1.0000000000000002,\n",
       "  0.9350755462730193,\n",
       "  0.9294553258926391,\n",
       "  0.9495689120430271,\n",
       "  0.9466328240770872,\n",
       "  0.9087823728229726,\n",
       "  0.9093672580030921,\n",
       "  0.9637519859116914,\n",
       "  0.9252200221627065,\n",
       "  0.9035004794152611,\n",
       "  0.9354068380371792,\n",
       "  0.9535852536266409],\n",
       " [0.8964719070208393,\n",
       "  0.9243378561887242,\n",
       "  0.9449630309324667,\n",
       "  0.9276597441448877,\n",
       "  0.7067612136533512,\n",
       "  0.9680069141391859,\n",
       "  0.9208714987015691,\n",
       "  0.891282624066729,\n",
       "  0.9570158401310631,\n",
       "  0.8732989742956172,\n",
       "  0.9578496290278676,\n",
       "  0.9544248057507513,\n",
       "  0.9539830921843917,\n",
       "  0.9138963121820313,\n",
       "  0.8071404109151973,\n",
       "  0.8954856894775557,\n",
       "  0.9617844327937711,\n",
       "  0.9202063083144802,\n",
       "  0.9316658715842788,\n",
       "  0.9350755462730193,\n",
       "  1.0000000000000002,\n",
       "  0.9779700073194578,\n",
       "  0.9528711574925747,\n",
       "  0.9314782406986242,\n",
       "  0.9493518005321288,\n",
       "  0.9579811384512474,\n",
       "  0.9495174437046325,\n",
       "  0.9198833145944688,\n",
       "  0.9269785290845963,\n",
       "  0.8704697168598042,\n",
       "  0.9451655111692393],\n",
       " [0.9113138178184785,\n",
       "  0.9181760796705453,\n",
       "  0.9328113983084408,\n",
       "  0.9255345179985212,\n",
       "  0.7199274263874774,\n",
       "  0.9741247278977433,\n",
       "  0.9027100342330658,\n",
       "  0.85761424378042,\n",
       "  0.9485971178154605,\n",
       "  0.8618841137233755,\n",
